razza-2025-09-15T04:54:28.776456
abba-2025-09-15T04:59:45.191586
amma-2025-09-15T05:08:16.062642
amatullah-2025-09-15T05:14:04.943277
